image: my_map_no_dose.pgm
resolution: 0.020000
origin: [-15.160000, -14.520000, 0.000000]
negate: 0
occupied_thresh: 0.65
free_thresh: 0.196

